common:
    lid_topic:  "/ns2/velodyne_points"
    lid_r_topic:  "/ns1/velodyne_points"
    imu_topic:  "/imu/data_raw"
    wheel_topic: "/wheel_odom"
    altimeter_topic: "/altimeter_data"
    time_sync_en: false         # ONLY turn on when external time synchronization is really not possible
    
preprocess:
    lidar_type: 2                # 1 for Livox serials LiDAR, 2 for Velodyne LiDAR, 3 for ouster LiDAR, 
    scan_line: 16
    scan_rate: 10                # only need to be set for velodyne, unit: Hz,
    blind: 0.5

mapping:
    acc_cov: 0.2
    gyr_cov: 0.01
    b_acc_cov: 0.001
    b_gyr_cov: 0.02
    fov_degree:    180
    det_range:     100.0
    extrinsic_est_en:  false      # true: enable the online estimation of IMU-LiDAR extrinsic,
#    extrinsic_T: [ 0.904771, 0.0379208, -0.0641494]
#    extrinsic_R: [-0.516377, 0.491998, -0.700923,
#                -0.702254, -0.711704, 0.0177929,
#                -0.490096, 0.501414, 0.713015 ]
#    extrinsic_T: [ 0.462394, -0.385991, 0.679240]
#    left
    extrinsic_T: [ -0.264623, 0.431973, 0.24043]
    extrinsic_R: [-0.516377, -0.702254, -0.490096,
                 0.491998, -0.711704, 0.501414,
                 -0.700923, 0.0177929, 0.713015 ]



#    right-0.6128911, y: -0.5121995, z: 2.2048316
#    extrinsic_T: [ -0.263596, -0.373928, 0.24377]
#    extrinsic_R: [-0.514521, 0.701075, -0.493723,
#                  -0.492472, -0.712956, -0.499164,
#                  -0.701954, -0.0136853, 0.712091 ]
#    right lidar to left
    r2l_extrinsic_T: [ -0.399372, 0.572901, -0.402212 ]
    r2l_extrinsic_R: [ 0.515408, -0.703199, -0.489761,
                    0.699329, 0.0148371, 0.714646,
                    -0.495271, -0.710837, 0.499415 ]

publish:
    path_en:  false
    scan_publish_en:  true       # false: close all the point cloud output
    dense_publish_en: false       # false: low down the points number in a global-frame point clouds scan.
    scan_bodyframe_pub_en: true  # true: output the point cloud scans in IMU-body-frame

pcd_save:
    pcd_save_en: true
    interval: -1                 # how many LiDAR frames saved in each pcd file; 
                                 # -1 : all frames will be saved in ONE pcd file, may lead to memory crash when having too much frames.,10000表示10000帧存储一次